2.000000000000000111e-01 3.914882585354855138e+01
4.000000000000000222e-01 2.557138496484966161e+00
6.000000000000000888e-01 4.494573964404859900e-01
8.000000000000000444e-01 1.228141990002069861e-01
1.000000000000000000e+00 4.328817559372280521e-02
1.200000000000000178e+00 1.803292926796777260e-02
1.400000000000000133e+00 8.458949571131371692e-03
1.600000000000000089e+00 4.337122916159092713e-03
1.800000000000000044e+00 2.383354845650921105e-03
2.000000000000000000e+00 1.384623746285167101e-03
2.200000000000000178e+00 8.420060511205292118e-04
2.400000000000000355e+00 5.319892387612122631e-04
2.600000000000000089e+00 3.472185867913408813e-04
2.800000000000000266e+00 2.330528711910436531e-04
3.000000000000000000e+00 1.602820800757461992e-04
