2.000000000000000111e-01 1.003750670326943428e+01
4.000000000000000222e-01 1.742585687465231459e+00
5.999999999999999778e-01 5.062816469880110359e-01
8.000000000000000444e-01 1.787840720005868245e-01
1.000000000000000000e+00 6.995581598360277320e-02
1.199999999999999956e+00 2.925572479418580424e-02
1.399999999999999911e+00 1.285484121406479073e-02
1.600000000000000089e+00 5.879594444600773004e-03
1.800000000000000044e+00 2.783309832832603532e-03
2.000000000000000000e+00 1.358242070972440121e-03
2.200000000000000178e+00 6.811586802374373006e-04
2.399999999999999911e+00 3.501340786509636637e-04
2.600000000000000089e+00 1.840416378458802483e-04
2.799999999999999822e+00 9.870922680294322684e-05
3.000000000000000000e+00 5.391343678350045805e-05
3.200000000000000178e+00 2.993234444813769367e-05
3.399999999999999911e+00 1.686418052040809359e-05
3.600000000000000089e+00 9.627619631635641164e-06
3.799999999999999822e+00 5.561891941751067869e-06
4.000000000000000000e+00 3.247597454507240511e-06
