0	0.210489768038973	-0.911528240702387	0.998678987600864	0.000328366875584	1.0485148207244	0.019679574670176	0
0.01	0.625882577161009	-1.37455308201177	1.55832611864086	0.000801964415455	1.80096871917747	0.033802381890242	0.75314263874764
0.02	0.984898527411428	-1.77373089879597	2.05973414234833	0.001386721792872	2.48229968049981	0.046590282703301	13.7109151520953
0.03	1.03761809674803	-1.97544097492525	2.3267184453348	0.001503067200687	2.74354129997809	0.051493526659289	66.7448567758149
0.04	0.944972002191949	-2.11144928073009	2.32147624745335	0.001404544842573	2.69241678541903	0.05053397064553	173.601772599914
0.05	0.799916188496802	-2.11451106882752	2.29649911996028	0.00109239648064	2.55365092685063	0.04792947424606	336.662206733337
0.06	0.514863231804321	-2.06073198160767	2.12080155232332	0.000844884025091	2.257589548854	0.042372698242441	526.411296944107
0.07	0.44360835611615	-1.87768220293615	1.96813658287001	0.000679499739568	2.0845646605826	0.039125194114475	729.10404007132
0.08	0.387486179136637	-1.83271808507691	1.87888257358946	0.00061024408046	1.97606360711195	0.037088737841884	917.857492913608
0.09	0.349100271542805	-1.59588383222795	1.67646528318443	0.000553544667962	1.77034898633113	0.033227680124449	1091.93953110403
0.1	0.279693206049192	-1.42417685178607	1.43426830599935	0.000389163992822	1.50767129380775	0.028297482513478	1243.31784088191
0.11	0.22444542730529	-1.25325369603993	1.3182387824804		0.000377572474379	1.36733022468963	0.0256634209872		1348.10097812039
0.12	0.128866458232716	-1.02332179536057	1.02530522628984	0.000247660172672	1.05072015741565	0.019720966634534	1506.45079563266
0.13	0.105631305697753	-0.853537087415821	0.853960719175765	0.00018629854115	0.866388571396449	0.01626124709654	1665.40656204663
0.14	0.074016480510368	-0.628428349364122	0.628428349364122	0.00013176040254	0.636339713372167	0.011943460080282	1769.05556737856
0.15	0.046800517003557	-0.502346752028563	0.502346752028563	9.33115589863502E-05	0.507153690498242	0.009518767616962	1892.73334895819
0.16	0.042712667715		-0.360279160958011	0.360386937628758	6.05203988295837E-05	0.365755483302466	0.006864864666104	2063.88803146065
0.17	0.027981274960532	-0.301283076588067	0.301283076588067	5.6379040559273E-05	0.303779639879879	0.005701640060905	2155.83215556474
0.18	0.022794006464296	-0.227776051699789	0.227776051699789	3.49771097209651E-05	0.229607198792058	0.004309497514128	2278.94947493428
0.19	0.014322363438974	-0.193905456279119	0.193905456279119	2.84952770605909E-05	0.194894660461408	0.0036579778822		2357.54751083587
0.2	0.0139212287096		-0.15318238519444	0.153633859937586	2.24094111470704E-05	0.15480095224721	0.002905459072728	2501.9820400594
0.21	0.00933265106333	-0.11903050397944	0.11903050397944	1.77199406408739E-05	0.119664809684061	0.00224598881296	2668.29833556682
0.22	0.008745658712424	-0.099384952417786	0.099432604628945	1.38382364742474E-05	0.100210678301855	0.001880854221048	2784.02143430956
0.23	0.00654521331794	-0.083492106101075	0.083496935234636	1.13768558099901E-05	0.084075484037792	0.001578012759905	2898.06543570063
0.24	0.005477653859814	-0.068104167628336	0.068104167628336	1.00882352510649E-05	0.06849196340362	0.001285525661123	3067.7716960577
0.25	0.004704892643341	-0.056601234857526	0.056601234857526	7.4871073894112E-06	0.056976951360454	0.001069400400084	3193.92096407193
0.26	0.003811253659438	-0.048477885321561	0.048477885321561	7.66375009232324E-06	0.048743007917937	0.000914857515612	3335.52055477673
0.27	0.003139912619554	-0.042260429039915	0.042260429039915	5.99399233507495E-06	0.042482376148513	0.000797351717931	3430.90059151619
0.28	0.002808628139979	-0.038512778386394	0.038512778386394	4.66483737645381E-06	0.038683321051411	0.000726047252814	3533.52125323063
0.29	0.002620181508884	-0.034096015439568	0.034096015439568	5.00770179338183E-06	0.03429826507221	0.00064374413714	3632.1924202169
0.3	0.002062984915162	-0.027492357119357	0.027546741723872	4.06007155232232E-06	0.027708245498456	0.000520056059761	3829.40424811399
0.31	0.00208680061768	-0.023650056406228	0.023650056406228	3.79541000580762E-06	0.02381852654016	0.000447049924632	3993.81418731571
0.32	0.001715857496441	-0.021080063149616	0.021129529720685	3.36820545083274E-06	0.02125904490572	0.000399011013835	4145.09687959194
0.33	0.001663844378561	-0.018219508440286	0.018219508440286	2.45994784769607E-06	0.018358058677667	0.000344562403321	4298.64445049249
0.34	0.00135946750784	-0.017318112460244	0.017330691086463	2.19711402470282E-06	0.017430647166871	0.000327155816675	4373.68197106602
0.35	0.001412487559666	-0.016331484668649	0.016338424094363	2.27799498317212E-06	0.016451353261952	0.000308775449374	4411.46921044112
0.36	0.001216678640671	-0.012802633422866	0.01280321001549	1.94750255249176E-06	0.012929772744173	0.000242678904635	4706.35114597984
0.37	0.001004423499759	-0.012958306498761	0.012958306498761	1.83628659724399E-06	0.013028270979552	0.000244527618015	4681.39053942679
0.38	0.000994753574816	-0.011869640768767	0.011869640768767	1.60202838023421E-06	0.01194244378206	0.000224147727345	4826.66878566681
0.39	0.000920918685106	-0.011190860779292	0.011190860779292	1.62526185748584E-06	0.011256387031837	0.000211271128201	4904.85811339068
0.4	0.000686298132294	-0.009297120217397	0.009297120217397	1.31038474727892E-06	0.009346298360086	0.00017542067392	5162.74830756593
0.41	0.000646893264628	-0.008654533418668	0.008654533418668	1.57711231470701E-06	0.008702957002967	0.000163345799989	5296.05034241143
0.42	0.000692967358161	-0.008563028975237	0.008569959650987	1.20401184960586E-06	0.008618954661855	0.000161769160048	5299.41996865972
0.43	0.000621746006771	-0.00777941735566	0.00777941735566	1.14568773412356E-06	0.007821192253197	0.0001467959574		5433.4101963085
0.44	0.000555639342813	-0.00662754544137	0.006629843484301	9.49540906988002E-07	0.006673607566127	0.000125256940409	5652.20557569699
0.45	0.000474816188342	-0.006085911777647	0.006085911777647	8.39747037313441E-07	0.006123082976138	0.000114924144379	5795.71392672048
0.46	0.000446976504663	-0.005858178772764	0.005858178772764	7.92618284602618E-07	0.005898241263846	0.000110704090281	5869.52302586422
0.47	0.000471821806555	-0.00581204866893	0.005813881631468	8.82534006911965E-07	0.005847969148456	0.000109760532947	5910.17122654297
0.48	0.000469174520973	-0.005027252547497	0.005027252547497	7.14354018878423E-07	0.005063404557919	9.50350401475783E-05	6145.51819222383
0.49	0.000465411030959	-0.005157460156876	0.005157460156876	6.09626759986217E-07	0.005193194226954	9.74710624457019E-05	6083.55157126055
