0	0.165088287912383	-1.48085910163452	1.48232989666822	0.000246293551984	1.50335590557394	0.028216486991717	0
0.01	0.347544624410148	-2.04328956048381	2.07872155603055	0.000460482627838	2.15136071795187	0.040378889315239	0.097341951995474
0.02	0.647854970030751	-2.78221057836975	2.8295008147551		0.000911305882386	3.00591236676295	0.056417969211774	2.87474427579755
0.03	0.910192039773439	-3.30969639959998	3.44303752545849	0.001321777255131	3.70764190778076	0.069588730967137	24.1433616961822
0.04	0.91476285418295	-3.59865827163479	3.75208773683267	0.001368771070759	3.99973352337628	0.07507099850025	82.7989396795385
0.05	0.814743175820695	-3.75279358232816	3.8277025750205		0.001273108417895	4.0380319660317		0.075789821970449	181.714508782292
0.06	0.664447257922704	-3.66418160989661	3.78759406698264	0.001020019489039	3.93111932697697	0.073783178648031	307.724635707211
0.07	0.598362564692649	-3.52896200921769	3.59118971883785	0.000925230132574	3.73637338461902	0.070127992055914	442.944685594613
0.08	0.423210436546722	-3.45777182194489	3.46570024710588	0.000688157396352	3.52070092072146	0.066080035581021	569.229222617443
0.09	0.390131646640416	-3.19532432955186	3.22553225050941	0.000601524366213	3.28254149088686	0.061610021242455	683.59592976842
0.1	0.312604418646959	-2.87581371954475	2.8806435807265		0.000517538956847	2.92166569807755	0.054836743487218	789.291112439737
0.11	0.23240915525713	-2.59034147039617	2.59034147039617	0.00043650878516	2.60884352062437	0.048965384038599	876.595774740098
0.12	0.191444878656708	-2.13127741014063	2.13127741014063	0.000333077383712	2.1464257339671	        0.040286264600828       966.929952175817
0.13	0.147340422946896	-1.73416474348279	1.73416474348279	0.000258179847157	1.74639241253583	0.032778039190885	1047.71793254947
0.14	0.101852064107796	-1.34908011139629	1.34908011139629	0.000174847612431	1.35550075363927	0.025441393645056	1123.59250635319
0.15	0.070967360699564	-1.03111388342601	1.03111388342601	0.000133227848035	1.03502322872188	0.019426350979881	1207.15327722683
0.16	0.050696649366954	-0.793638498883153	0.793638498883153	9.2039127721143E-05	0.796306208451856	0.014945871226433	1295.00605312614
0.17	0.034862534352132	-0.609725265553325	0.609725265553325	6.878709454788E-05	0.611314796047541	0.011473767407016	1389.14166390302
0.18	0.027105463337397	-0.480058810171782	0.480058810171782	5.29442935454773E-05	0.481274095423648	0.009033033497006	1465.00202799963
0.19	0.020810662068356	-0.381454034210197	0.381454034210197	4.31026842190406E-05	0.382369218024424	0.0071766878531	        1541.67069156847
0.2	0.016865511879535	-0.308438531225449	0.308438531225449	3.26244711162107E-05	0.309156996732252	0.005802567671668	1612.3376399276
0.21	0.012995894512257	-0.24976823536356	0.24976823536356	2.82231195152937E-05	0.250285600100977	0.004697610428295	1702.87305939835
0.22	0.01096830084005	-0.207391975619804	0.207391975619804	2.10182287798431E-05	0.207852777777988	0.003901188786115	1776.42860231569
0.23	0.008758546211852	-0.17200568958328	0.17200568958328	1.81136723875812E-05	0.172359190292355	0.003235009642597	1861.13481709095
0.24	0.007167802986612	-0.144546169909543	0.144546169909543	1.41731826323975E-05	0.144835832484548	0.002718423739902	1963.65290191378
0.25	0.006268647343077	-0.123028023305436	0.123028023305436	1.24237894709523E-05	0.123276023189128	0.002313767679237	2023.61265516618
0.26	0.005198615435394	-0.104897872410651	0.104897872410651	1.0508142705462E-05	0.105106883886658	0.001972751103669	2126.00537807951
0.27	0.004626171678647	-0.090294032346748	0.090294032346748	8.9221187682397E-06	0.090482051922429	0.001698257632532	2198.65358699767
0.28	0.003981150478203	-0.078611607841609	0.078611607841609	7.97536476921193E-06	0.078775820606896	0.001478543376971	2280.88062697811
0.29	0.003526277318201	-0.068932532884657	0.068932532884657	6.71908538655985E-06	0.069074196550607	0.001296453595058	2353.66113393632
0.3	0.002836538453497	-0.059919578339523	0.059919578339523	6.89025968390642E-06	0.060027556206689	0.001126657202443	2417.75347847908
0.31	0.002742798545283	-0.053000793155707	0.053000793155707	5.39236471731302E-06	0.053111363579208	0.000996847183018	2528.58462839502
0.32	0.00256189119658	-0.047163243034369	0.047163243034369	4.96083095806502E-06	0.047288856535767	0.00088756454832	2558.45217016189
0.33	0.002202214017237	-0.04277699869891	0.04277699869891	3.76561786192217E-06	0.042871204387486	0.000804649635149	2639.69851182515
0.34	0.001722552670574	-0.038388644004957	0.038388644004957	3.79815523095863E-06	0.038453509871256	0.000721733926774	2717.93674965251
0.35	0.001830162328795	-0.03234203544712	0.03234203544712	3.4696927968748E-06	0.032415636532825	0.000608409082085	2941.2074667594
0.36	0.001092680402104	-0.030474605327291	0.030474605327291	3.25062146896865E-06	0.030508344821555	0.000572611123956	2898.93262924481
0.37	0.001465106242137	-0.027593233076581	0.027593233076581	2.24769763855651E-06	0.027651759570814	0.000518995875385	3017.36666056826
0.38	0.001196582037836	-0.025546781095866	0.025546781095866	2.1104473900187E-06	0.025586686511114	0.000480236519127	2987.81245307102
0.39	0.001194722579177	-0.023203931931898	0.023203931931898	2.17300744599907E-06	0.023249578303242	0.000436371335174	3142.87775109493
0.4	0.00095218364861	-0.020566882917336	0.020566882917336	2.14981463854258E-06	0.02059873938969	0.000386617739605	3296.79711104838
0.41	0.000814079193097	-0.019119445182349	0.019119445182349	2.13925851741783E-06	0.019151387822445	0.000359452398039	3302.81030301952
0.42	0.000898273332027	-0.017680409646816	0.017680409646816	1.75252884248928E-06	0.0177227529266	        0.000332638349679       3416.80717772722
0.43	0.000750633820076	-0.016069419145401	0.016069419145401	1.57322126009788E-06	0.01609446228293	0.000302076962588	3512.8781256161
0.44	0.000653381749356	-0.014931117666983	0.014931117666983	1.46375932715838E-06	0.01495268996487	0.000280647037951	3488.9585986966
0.45	0.000580522017982	-0.013740530671535	0.013740530671535	1.24488350601097E-06	0.013759334896211	0.000258248956667	3652.32053561732
0.46	0.000588664500283	-0.012685160756471	0.012685160756471	1.21651909002344E-06	0.012707877612938	0.000238514154917	3749.36119383619
0.47	0.000498501028374	-0.011903871262622	0.011903871262622	9.80180184887225E-07	0.011920602711546	0.000223737792293	3763.41874525557
0.48	0.000590157383093	-0.010878690284987	0.010878690284987	8.7423118768114E-07	0.010901891010277	0.000204617592372	3887.35941786012
0.49	0.000514856855941	-0.010271431886662	0.010271431886662	1.08051454487116E-06	0.010291648986854	0.000193163959834	3905.41016671032
0.5	0.000452293571842	-0.009354789043894	0.009354789043894	9.58714607782824E-07	0.00937463040565	0.000175952438084	4093.95302922874
