Datos tomados de: http://www.phenix.bnl.gov/phenix/WWW/info/data/ppg162_data.html


Fig 4a
------

  2007
        p_T        Rg  dRg_stat  dRg_syst
  0.50  1.202807  0.063771  0.100851
  0.70  1.146503  0.051623  0.079441
  0.90  1.195725  0.052581  0.074279
  1.10  1.240095  0.055638  0.073228
  1.30  1.286907  0.060537  0.074562
  1.50  1.239180  0.060477  0.071399
  1.70  1.331784  0.071307  0.076623
  1.90  1.216634  0.067723  0.069910
  2.25  1.249991  0.065179  0.071493
  3.00  1.362752  0.080364  0.076880
  4.25  1.511833  0.140849  0.087408
  ---------------------------------------------
  2010
    p_T        Rg  dRg_stat  dRg_syst
  0.50  1.272349  0.060176  0.071089
  0.70  1.168753  0.049333  0.065325
  0.90  1.186739  0.049842  0.066332
  1.10  1.160270  0.049022  0.064851
  1.30  1.205069  0.052011  0.067350
  1.50  1.219417  0.054230  0.068145
  1.70  1.228281  0.056459  0.068632
  1.90  1.277865  0.062011  0.071387
  2.25  1.258633  0.058862  0.070323
  3.00  1.313411  0.067088  0.073354
  4.25  1.259242  0.121742  0.069890

  2007 & 2010
    p_T        Rg  dRg_stat  dRg_syst
  0.50  1.229721  0.043643  0.070058
  0.70  1.145734  0.035423  0.064011
  0.90  1.172174  0.035786  0.064404
  1.10  1.172357  0.036677  0.062741
  1.30  1.211729  0.039437  0.064806
  1.50  1.201061  0.040254  0.065496
  1.70  1.234643  0.045065  0.065773
  1.90  1.223676  0.045763  0.068731
  2.25  1.225788  0.043782  0.067435
  3.00  1.307334  0.052781  0.070835
  4.25  1.363853  0.107544  0.065223


Fig 5
-----

  centrality bin 0-20%
    p_T        Rg  dRg_stat  dRg_syst
  0.50  1.261113  0.059117  0.070498
  0.70  1.180471  0.042418  0.065990
  0.90  1.206997  0.042352  0.067473
  1.10  1.179178  0.042644  0.065918
  1.30  1.219660  0.047726  0.068181
  1.50  1.218513  0.052272  0.068117
  1.70  1.331315  0.064905  0.074423
  1.90  1.283639  0.069714  0.071758
  2.25  1.263319  0.064076  0.070622
  3.00  1.351013  0.085458  0.075524
  4.25  1.136654  0.177800  0.063541
  ---------------------------------------------
  centrality bin 20-40%
    p_T        Rg  dRg_stat  dRg_syst
  0.50  1.186653  0.049857  0.066336
  0.70  1.094254  0.036490  0.061171
  0.90  1.118176  0.036394  0.062508
  1.10  1.167304  0.039554  0.065254
  1.30  1.206814  0.043411  0.067463
  1.50  1.212813  0.046853  0.067798
  1.70  1.182304  0.050773  0.066093
  1.90  1.214454  0.057663  0.067890
  2.25  1.255435  0.056474  0.070181
  3.00  1.299393  0.072685  0.072638
  4.25  1.398871  0.164776  0.078199
  ---------------------------------------------
  centrality bin 40-60%
    p_T        Rg  dRg_stat  dRg_syst
  0.50  1.169862  0.050692  0.065397
  0.70  1.146335  0.039035  0.064082
  0.90  1.133484  0.037459  0.063364
  1.10  1.125479  0.038514  0.062916
  1.30  1.200344  0.044767  0.067101
  1.50  1.158101  0.046194  0.064740
  1.70  1.141407  0.050220  0.063807
  1.90  1.143693  0.057741  0.063934
  2.25  1.122684  0.051811  0.062760
  3.00  1.112636  0.063596  0.062198
  4.25  1.148785  0.130796  0.064219
  ---------------------------------------------
  centrality bin 60-92%
    p_T        Rg  dRg_stat  dRg_syst
  0.50  1.120021  0.053346  0.062611
  0.70  1.054300  0.038215  0.058937
  0.90  1.053409  0.037351  0.058887
  1.10  1.095477  0.041812  0.061239
  1.30  1.080806  0.045937  0.060419
  1.50  1.078696  0.051483  0.060301
  1.70  1.144355  0.062779  0.063971
  1.90  1.035566  0.063102  0.057890
  2.25  1.035088  0.059737  0.057863
  3.00  1.146354  0.086643  0.064083
  4.25  1.594666  0.322164  0.089145
  ---------------------------------------------


Fig 6 & 7
---------

  Data
  ====
  centrality bin 0-20%
    p_T          y   dy_stat   dy_syst
  0.50  18.384316  4.162295  4.963615
  0.70   3.863694  0.908128  1.412782
  0.90   1.531712  0.313389  0.499280
  1.10   0.500764  0.119182  0.184227
  1.30   0.248402  0.053970  0.077102
  1.50   0.105543  0.025248  0.032901
  1.70   0.071944  0.014094  0.016161
  1.90   0.028950  0.007115  0.007324
  2.25   0.007928  0.001929  0.002126
  3.00   0.001125  0.000274  0.000242
  4.25   0.000025  0.000033  0.000012
  ---------------------------------------------
  centrality bin 20-40%
    p_T         y   dy_stat   dy_syst
  0.50  5.954453  1.590491  2.116200
  0.70  0.906468  0.350932  0.588297
  0.90  0.396036  0.121966  0.209478
  1.10  0.215631  0.050980  0.084104
  1.30  0.110570  0.023209  0.036068
  1.50  0.050032  0.011015  0.015939
  1.70  0.019825  0.005521  0.007187
  1.90  0.011294  0.003037  0.003575
  2.25  0.004157  0.000919  0.001142
  3.00  0.000554  0.000135  0.000135
  4.25  0.000044  0.000018  0.000009
  ---------------------------------------------
  centrality bin 40-60%
        p_T         y   dy_stat   dy_syst
  0.50  2.064060  0.615983  0.794669
  0.70  0.530987  0.141643  0.232527
  0.90  0.168944  0.047410  0.080196
  1.10  0.061616  0.018912  0.030895
  1.30  0.041359  0.009241  0.013852
  1.50  0.014628  0.004274  0.005990
  1.70  0.006184  0.002196  0.002790
  1.90  0.003108  0.001249  0.001383
  2.25  0.000850  0.000359  0.000435
  3.00  0.000095  0.000054  0.000052
  4.25  0.000008  0.000007  0.000003
  ---------------------------------------------
  centrality bin 60-92%
    p_T         y   dy_stat   dy_syst
  0.50  0.283798  0.126140  0.148048
  0.70  0.036460  0.025660  0.039574
  0.90  0.012077  0.008446  0.013316
  1.10  0.008213  0.003597  0.005268
  1.30  0.002898  0.001647  0.002167
  1.50  0.001267  0.000829  0.000971
  1.70  0.001107  0.000481  0.000490
  1.90  0.000137  0.000243  0.000222
  2.25  0.000045  0.000076  0.000074
  3.00  0.000025  0.000015  0.000011
  4.25  0.000007  0.000004  0.000001
  ---------------------------------------------
  scale pp fit
  ============
  centrality bin 0-20%
    p_T         y   dy_stat   dy_syst
  0.50  0.107729  4.162295  4.963615
  0.70  0.078610  0.908128  1.412782
  0.90  0.053761  0.313389  0.499280
  1.10  0.035224  0.119182  0.184227
  1.30  0.022519  0.053970  0.077102
  1.50  0.014246  0.025248  0.032901
  1.70  0.009008  0.014094  0.016161
  1.90  0.005732  0.007115  0.007324
  2.25  0.002670  0.001929  0.002126
  3.00  0.000604  0.000274  0.000242
  4.25  0.000078  0.000033  0.000012
  ---------------------------------------------
  centrality bin 20-40%
    p_T         y   dy_stat   dy_syst
  0.50  0.041001  1.590491  2.116200
  0.70  0.029918  0.350932  0.588297
  0.90  0.020461  0.121966  0.209478
  1.10  0.013406  0.050980  0.084104
  1.30  0.008571  0.023209  0.036068
  1.50  0.005422  0.011015  0.015939
  1.70  0.003428  0.005521  0.007187
  1.90  0.002182  0.003037  0.003575
  2.25  0.001016  0.000919  0.001142
  3.00  0.000230  0.000135  0.000135
  4.25  0.000030  0.000018  0.000009
  ---------------------------------------------
  centrality bin 40-60%
    p_T         y   dy_stat   dy_syst
  0.50  0.012486  0.615983  0.794669
  0.70  0.009111  0.141643  0.232527
  0.90  0.006231  0.047410  0.080196
  1.10  0.004083  0.018912  0.030895
  1.30  0.002610  0.009241  0.013852
  1.50  0.001651  0.004274  0.005990
  1.70  0.001044  0.002196  0.002790
  1.90  0.000664  0.001249  0.001383
  2.25  0.000309  0.000359  0.000435
  3.00  0.000070  0.000054  0.000052
  4.25  0.000009  0.000007  0.000003
  ---------------------------------------------
  centrality bin 60-92%
    p_T         y   dy_stat   dy_syst
  0.50  0.002033  0.126140  0.148048
  0.70  0.001483  0.025660  0.039574
  0.90  0.001014  0.008446  0.013316
  1.10  0.000665  0.003597  0.005268
  1.30  0.000425  0.001647  0.002167
  1.50  0.000269  0.000829  0.000971
  1.70  0.000170  0.000481  0.000490
  1.90  0.000108  0.000243  0.000222
  2.25  0.000050  0.000076  0.000074
  3.00  0.000011  0.000015  0.000011
  4.25  0.000001  0.000004  0.000001
  ---------------------------------------------


Fig 8
-----

  centrality bin 0-20%
    p_T          y   dy_stat   dy_syst
  0.50  18.277327  4.162295  4.963983
  0.70   3.785775  0.908128  1.413328
  0.90   1.478494  0.313389  0.499825
  1.10   0.465926  0.119182  0.184688
  1.30   0.226138  0.053970  0.077423
  1.50   0.091461  0.025248  0.033113
  1.70   0.063039  0.014094  0.016283
  1.90   0.023282  0.007115  0.007402
  2.25   0.005286  0.001929  0.002160
  3.00   0.000527  0.000274  0.000249
  4.25  -0.000053  0.000033  0.000014
  ---------------------------------------------
  centrality bin 20-40%
    p_T         y   dy_stat   dy_syst
  0.50  5.913734  1.590491  2.116326
  0.70  0.876812  0.350932  0.588488
  0.90  0.375782  0.121966  0.209669
  1.10  0.202372  0.050980  0.084252
  1.30  0.102096  0.023209  0.036170
  1.50  0.044672  0.011015  0.016005
  1.70  0.016435  0.005521  0.007229
  1.90  0.009136  0.003037  0.003600
  2.25  0.003151  0.000919  0.001152
  3.00  0.000327  0.000135  0.000137
  4.25  0.000015  0.000018  0.000009
  ---------------------------------------------
  centrality bin 40-60%
    p_T         y   dy_stat   dy_syst
  0.50  2.051659  0.615983  0.794700
  0.70  0.521956  0.141643  0.232573
  0.90  0.162775  0.047410  0.080244
  1.10  0.057579  0.018912  0.030934
  1.30  0.038778  0.009241  0.013878
  1.50  0.012996  0.004274  0.006008
  1.70  0.005151  0.002196  0.002801
  1.90  0.002451  0.001249  0.001390
  2.25  0.000543  0.000359  0.000438
  3.00  0.000026  0.000054  0.000053
  4.25 -0.000001  0.000007  0.000004
  ---------------------------------------------
  centrality bin 60-92%
    p_T         y   dy_stat   dy_syst
  0.50  0.281780  0.126140  0.148053
  0.70  0.034990  0.025660  0.039583
  0.90  0.011073  0.008446  0.013326
  1.10  0.007556  0.003597  0.005277
  1.30  0.002478  0.001647  0.002174
  1.50  0.001001  0.000829  0.000976
  1.70  0.000938  0.000481  0.000494
  1.90  0.000030  0.000243  0.000225
  2.25 -0.000005  0.000076  0.000075
  3.00  0.000013  0.000015  0.000011
  4.25  0.000005  0.000004  0.000001
  ---------------------------------------------


Fig 9
-----

  p_T > 0.4 GeV/c
  ===============
  Npart  dNpart         yi  dyi_stat  dyi_syst
    17.6     4.2   0.239238  0.123175  0.123175
    59.9     5.0   2.120899  0.626043  0.626043
  140.4     7.0   5.528670  1.603930  1.603930
  279.9     5.7  17.907580  4.136222  4.136222
  ---------------------------------------------
  p_T > 0.6 GeV/c
  ===============
  Npart  dNpart        yi  dyi_stat  dyi_syst
    17.6     4.2  0.062191  0.043919  0.043919
    59.9     5.0  0.831803  0.239009  0.239009
  140.4     7.0  1.812961  0.604595  0.604595
  279.9     5.7  6.423596  1.520975  1.520975
  ---------------------------------------------
  p_T > 0.8 GeV/c
  ===============
  Npart  dNpart        yi  dyi_stat  dyi_syst
    17.6     4.2  0.031412  0.021347  0.021347
    59.9     5.0  0.372667  0.114413  0.114413
  140.4     7.0  1.041677  0.295899  0.295899
  279.9     5.7  3.093455  0.722144  0.722144
  ---------------------------------------------
  p_T > 1.0 GeV/c
  ===============
  Npart  dNpart        yi  dyi_stat  dyi_syst
    17.6     4.2  0.018889  0.011795  0.011795
    59.9     5.0  0.188572  0.060795  0.060795
  140.4     7.0  0.616677  0.157959  0.157959
  279.9     5.7  1.421317  0.367709  0.367709
  ---------------------------------------------
  p_T > 1.2 GeV/c
  ===============
  Npart  dNpart        yi  dyi_stat  dyi_syst
    17.6     4.2  0.008444  0.006823  0.006823
    59.9     5.0  0.108981  0.034652  0.034652
  140.4     7.0  0.336939  0.087489  0.087489
  279.9     5.7  0.777267  0.202964  0.202964
  ---------------------------------------------
  p_T > 1.4 GeV/c
  ===============
  Npart  dNpart        yi  dyi_stat  dyi_syst
    17.6     4.2  0.004396  0.004132  0.004132
    59.9     5.0  0.045632  0.019555  0.019555
  140.4     7.0  0.170151  0.049574  0.049574
  279.9     5.7  0.407842  0.114797  0.114797
  ---------------------------------------------
