2.000000000000000111e-01 1.408774854310947816e-02 1.064003268971067421e-03 4.889936336495221553e-03 4.875235896935849384e-04
4.000000000000000222e-01 2.196804389459026952e-02 1.672702776381638102e-03 5.566805476155975083e-03 5.593655473601843401e-04
5.999999999999999778e-01 3.744133932432755496e-02 2.876572558968424915e-03 9.662882470838669510e-03 9.713064031353594186e-04
8.000000000000000444e-01 5.344803650875060153e-02 4.127879950032408742e-03 1.515722026736151910e-02 1.518452496748043086e-03
1.000000000000000000e+00 6.808848931988641107e-02 5.277186517399553439e-03 2.208826264734381484e-02 2.201278021533639977e-03
1.199999999999999956e+00 7.804864507108777438e-02 6.099678453291852709e-03 2.812133339437940596e-02 2.792358450196350244e-03
1.399999999999999911e+00 8.343041897426850539e-02 6.600497364544326458e-03 3.301261123450068696e-02 3.270958363555448358e-03
1.600000000000000089e+00 8.387284230525282602e-02 6.762293783238212085e-03 3.581976940617931371e-02 3.550150974848826409e-03
1.800000000000000044e+00 8.035784082733626876e-02 6.649659292005455011e-03 3.667085782712158765e-02 3.645409831154514634e-03
2.000000000000000000e+00 7.361366710730166130e-02 6.309728243134293639e-03 3.555224904945658571e-02 3.558226505427960606e-03
2.200000000000000178e+00 6.481238573243014445e-02 5.819586863360059516e-03 3.291571607692587997e-02 3.333222434610262977e-03
2.399999999999999911e+00 5.490725719001884192e-02 5.252559466256904140e-03 2.917758357863840801e-02 3.009856337029908312e-03
2.600000000000000089e+00 4.476279877812262137e-02 4.655814486696132487e-03 2.479865346735978318e-02 2.630195978937560890e-03
2.799999999999999822e+00 3.523643344619695889e-02 4.046352264128473021e-03 2.032448844362855570e-02 2.243081090196765055e-03
3.000000000000000000e+00 2.681173560915485823e-02 3.457518643429260095e-03 1.611036406869887500e-02 1.879166654137033208e-03
