0	0.734	0.439	0.183	0.501	659.126	10
1	0.71	0.403	0.496	0.564	654.939	10
2	1.416	0.55	1.155	1.155	644.722	10
3	1.36	0.435	1.127	1.127	608.383	10
4	2.585	0.416	2.536	2.536	580.07	10
5	2.365	0.299	2.331	2.331	516.287	10
6	3.239	0.421	3.19	3.19	466.039	10
7	3.431	0.569	3.348	3.348	387.856	10
8	3.373	0.64	3.098	3.174	320.15	10
9	4.038	0.336	4.02	4.02	236.518	10
10	4.654	0.256	4.64	4.64	176.939	10
11	5.345	0.506	5.31	5.31	122.754	10
12	5.124	0.603	5.064	5.064	81.777	10
13	4.774	0.555	4.703	4.703	30.455	10
14	4.326	0.551	4.262	4.262	25.213	10
15	4.428	0.294	4.415	4.415	11.634	10	
