b=0.000000, eB=1.316000, V=96.384003, eq = 0.6;
0.100000 4.646853
0.500000 2.171400
1.000000 1.283359
1.500000 0.608875
2.000000 0.247537
2.500000 0.095386
3.000000 0.037834
3.500000 0.016229
b=1.000000, eB=1.602000, V=95.282997
0.100000 4.841003
0.500000 2.247126
1.000000 1.402295
1.500000 0.723816
2.000000 0.320433
2.500000 0.130612
3.000000 0.052649
3.500000 0.022405
b=2.000000, eB=1.783000, V=90.106003
0.100000 4.702718
0.500000 2.173550
1.000000 1.391288
1.500000 0.748241
2.000000 0.346374
2.500000 0.146188
3.000000 0.059890
3.500000 0.025496
b=3.000000, eB=2.161000, V=82.764000
0.100000 4.519824
0.500000 2.071256
1.000000 1.378858
1.500000 0.791850
2.000000 0.395209
2.500000 0.178141
3.000000 0.075971
3.500000 0.032722
b=4.000000, eB=2.414000, V=73.115997
0.100000 4.091399
0.500000 1.865183
1.000000 1.265855
1.500000 0.751585
2.000000 0.390386
2.500000 0.182797
3.000000 0.080159
3.500000 0.034993
b=5.000000, eB=2.920000, V=62.380001
0.100000 3.629075
0.500000 1.639343
1.000000 1.144546
1.500000 0.714638
2.000000 0.395049
2.500000 0.197060
3.000000 0.091053
3.500000 0.041080
b=6.000000, eB=3.221000, V=49.551998
0.100000 2.936864
0.500000 1.320411
1.000000 0.933478
1.500000 0.596299
2.000000 0.339323
2.500000 0.174564
3.000000 0.082934
3.500000 0.038198
b=7.000000, eB=3.548000, V=37.127998
0.100000 2.239034
0.500000 1.002053
1.000000 0.716320
1.500000 0.467094
2.000000 0.272943
2.500000 0.144538
3.000000 0.070568
3.500000 0.033225
b=8.000000, eB=3.722000, V=25.198000
0.100000 1.532161
0.500000 0.684164
1.000000 0.491568
1.500000 0.323609
2.000000 0.191459
2.500000 0.102792
3.000000 0.050860
3.500000 0.024218
b=9.000000, eB=3.843000, V=15.514000
0.100000 0.948414
0.500000 0.422872
1.000000 0.304821
1.500000 0.201906
2.000000 0.120418
2.500000 0.065234
3.000000 0.032562
3.500000 0.015624
b=10.000000, eB=3.832000, V=7.725000
0.100000 0.472025
0.500000 0.210491
1.000000 0.151686
1.500000 0.100418
2.000000 0.059847
2.500000 0.032395
3.000000 0.016158
3.500000 0.007747
b=11.000000, eB=3.719000, V=3.210000
0.100000 0.195157
0.500000 0.087148
1.000000 0.062610
1.500000 0.041211
2.000000 0.024377
2.500000 0.013085
3.000000 0.006473
3.500000 0.003081
b=12.000000, eB=3.582000, V=1.224000
0.100000 0.073937
0.500000 0.033075
1.000000 0.023668
1.500000 0.015463
2.000000 0.009058
2.500000 0.004810
3.000000 0.002355
3.500000 0.001111
b=13.000000, eB=3.301000, V=0.430000
0.100000 0.025600
0.500000 0.011496
1.000000 0.008151
1.500000 0.005235
2.000000 0.003000
2.500000 0.001555
3.000000 0.000744
3.500000 0.000344
b=14.000000, eB=3.073000, V=0.161000
0.100000 0.009459
0.500000 0.004262
1.000000 0.002996
1.500000 0.001893
2.000000 0.001063
2.500000 0.000539
3.000000 0.000253
3.500000 0.000115
b=15.000000, eB=2.836000, V=0.039000
0.100000 0.002256
0.500000 0.001021
1.000000 0.000710
1.500000 0.000440
2.000000 0.000241
2.500000 0.000119
3.000000 0.000055
3.500000 0.000024
b=16.000000, eB=2.635000, V=0.006000
0.100000 0.000342
0.500000 0.000155
1.000000 0.000107
1.500000 0.000065
2.000000 0.000035
2.500000 0.000017
3.000000 0.000008
3.500000 0.000003

b=0.000000, eB=1.316000, V=96.384003, eq = 0.3;

0.100000 0.936927
0.500000 0.437152
1.000000 0.192632
1.500000 0.062747
2.000000 0.019887
2.500000 0.007263
3.000000 0.002986
3.500000 0.001332
b=1.000000, eB=1.602000, V=95.282997
0.100000 0.989118
0.500000 0.464245
1.000000 0.226529
1.500000 0.082815
2.000000 0.027621
2.500000 0.010003
3.000000 0.004051
b=2.000000, eB=1.783000, V=90.106003
0.100000 0.967937
0.500000 0.454790
1.000000 0.233023
1.500000 0.090552
2.000000 0.031325
2.500000 0.011370
3.000000 0.004566
3.500000 0.002010
b=3.000000, eB=2.161000, V=82.764000
0.100000 0.942814
0.500000 0.442484
1.000000 0.244845
1.500000 0.105532
2.000000 0.039399
2.500000 0.014582
3.000000 0.005788
3.500000 0.002516
b=4.000000, eB=2.414000, V=73.115997
0.100000 0.860131
0.500000 0.402829
1.000000 0.231652
1.500000 0.105521
2.000000 0.041309
2.500000 0.015603
3.000000 0.006179
3.500000 0.002665
b=5.000000, eB=2.920000, V=62.380001
0.100000 0.773342
0.500000 0.360188
1.000000 0.219365
1.500000 0.108969
2.000000 0.046355
2.500000 0.018372
3.000000 0.007333
3.500000 0.003129
b=6.000000, eB=3.221000, V=49.551998
0.100000 0.630246
0.500000 0.292492
1.000000 0.182768
1.500000 0.094538
2.000000 0.041946
2.500000 0.017126
3.000000 0.006908
3.500000 0.002940
b=7.000000, eB=3.548000, V=37.127998
0.100000 0.483834
0.500000 0.223671
1.000000 0.143008
1.500000 0.076767
2.000000 0.035463
2.500000 0.014942
3.000000 0.006116
3.500000 0.002603
b=8.000000, eB=3.722000, V=25.198000
0.100000 0.332222
0.500000 0.153270
1.000000 0.099036
1.500000 0.054094
2.000000 0.025480
2.500000 0.010910
3.000000 0.004505
3.500000 0.001920
b=9.000000, eB=3.843000, V=15.514000
0.100000 0.206118
0.500000 0.094959
1.000000 0.061775
1.500000 0.034124
2.000000 0.016279
2.500000 0.007047
3.000000 0.002928
3.500000 0.001250
b=10.000000, eB=3.832000, V=7.725000
0.100000 0.102564
0.500000 0.047257
1.000000 0.030725
1.500000 0.016955
2.000000 0.008080
2.500000 0.003494
3.000000 0.001451
3.500000 0.000619
b=11.000000, eB=3.719000, V=3.210000
0.100000 0.042314
0.500000 0.019522
1.000000 0.012612
1.500000 0.006887
2.000000 0.003243
2.500000 0.001388
3.000000 0.000573
3.500000 0.000244
b=12.000000, eB=3.582000, V=1.224000
0.100000 0.015988
0.500000 0.007388
1.000000 0.004734
1.500000 0.002550
2.000000 0.001183
2.500000 0.000500
3.000000 0.000205
3.500000 0.000087
b=13.000000, eB=3.301000, V=0.430000
0.100000 0.005503
0.500000 0.002552
1.000000 0.001604
1.500000 0.000838
2.000000 0.000376
2.500000 0.000155
3.000000 0.000063
3.500000 0.000027
b=14.000000, eB=3.073000, V=0.161000
0.100000 0.002023
0.500000 0.000941
1.000000 0.000581
1.500000 0.000295
2.000000 0.000128
2.500000 0.000052
3.000000 0.000021
3.500000 0.000009
b=15.000000, eB=2.836000, V=0.039000
0.100000 0.000480
0.500000 0.000224
1.000000 0.000135
1.500000 0.000066
2.000000 0.000028
2.500000 0.000011
3.000000 0.000004
3.500000 0.000002
b=16.000000, eB=2.635000, V=0.006000
0.100000 0.000072
0.500000 0.000034
1.000000 0.000020
1.500000 0.000009
2.000000 0.000004
2.500000 0.000001
3.000000 0.000001
3.500000 0.000000
