2.000000000000000111e-01 4.305830715629349825e+00
4.000000000000000222e-01 4.758412793422950871e-01
5.999999999999999778e-01 1.163372250726599777e-01
8.000000000000000444e-01 3.310303760142826318e-02
1.000000000000000000e+00 1.000566787897362760e-02
1.199999999999999956e+00 3.254495387742644026e-03
1.399999999999999911e+00 1.078625096137154167e-03
1.600000000000000089e+00 3.765280570342332362e-04
1.800000000000000044e+00 1.347333673791710018e-04
2.000000000000000000e+00 5.025529746799580497e-05
2.200000000000000178e+00 1.909357916831495592e-05
2.399999999999999911e+00 7.193142264277305672e-06
2.600000000000000089e+00 2.614004783195540911e-06
2.799999999999999822e+00 8.971021129522794291e-07
3.000000000000000000e+00 2.818864631060251513e-07
