2.000000000000000111e-01 5.344945136229311089e+01
4.000000000000000222e-01 4.772775589845908328e+00
5.999999999999999778e-01 1.071585904268862244e+00
8.000000000000000444e-01 3.345673166134718879e-01
1.000000000000000000e+00 1.232024314583608643e-01
1.199999999999999956e+00 5.052347527479853634e-02
1.399999999999999911e+00 2.238318705042450368e-02
1.600000000000000089e+00 1.058851355674120948e-02
1.800000000000000044e+00 5.298797772781357190e-03
2.000000000000000000e+00 2.791610471078972630e-03
2.200000000000000178e+00 1.541339670285592298e-03
2.399999999999999911e+00 8.887360520633618647e-04
2.600000000000000089e+00 5.334954091426797381e-04
2.799999999999999822e+00 3.324049362030169767e-04
3.000000000000000000e+00 2.143025333574363777e-04
3.200000000000000178e+00 1.424290026209369025e-04
3.399999999999999911e+00 9.742221542585887697e-05
3.600000000000000089e+00 6.830012224963513147e-05
3.799999999999999822e+00 4.894994871483157020e-05
4.000000000000000000e+00 3.577721888034975784e-05
